average_wait_0=0.000000
average_wait_1=0.039000
average queue length: 0.207000
average_CPU_utilization =2100.000000
