average_wait_0 = 7.784314
average_wait_1 = 37.120000
average_queue_length = 3.297030
average_CPU_utilization = 0.988506
